Hyperparameters: 
	Inputs: 2
	Hidden: 3
	output: 1
	Activation: ReLU
	Learning Rate: 0.2
	Batch Size: 100
	# of Batches: 100

Batch No. 1
[0, 0]	0.7196413470320117
[0, 1]	0.6478685487138899
[1, 0]	0.8337835902142491
[1, 1]	0.7730621529594215


Batch No. 2
[0, 0]	0.3970354598780365
[0, 1]	0.3970354598780365
[1, 0]	0.3970354598780365
[1, 1]	0.3970354598780365


Batch No. 3
[0, 0]	0.47094260077549577
[0, 1]	0.47094260077549577
[1, 0]	0.47094260077549577
[1, 1]	0.47094260077549577


Batch No. 4
[0, 0]	0.4084894418296769
[0, 1]	0.4084894418296769
[1, 0]	0.4084894418296769
[1, 1]	0.4084894418296769


Batch No. 5
[0, 0]	0.49384093069534696
[0, 1]	0.49384093069534696
[1, 0]	0.49384093069534696
[1, 1]	0.49384093069534696


Batch No. 6
[0, 0]	0.5015382827309159
[0, 1]	0.5015382827309159
[1, 0]	0.5015382827309159
[1, 1]	0.5015382827309159


Batch No. 7
[0, 0]	0.48711842182943066
[0, 1]	0.48711842182943066
[1, 0]	0.48711842182943066
[1, 1]	0.48711842182943066


Batch No. 8
[0, 0]	0.4165529136172355
[0, 1]	0.4165529136172355
[1, 0]	0.4165529136172355
[1, 1]	0.4165529136172355


Batch No. 9
[0, 0]	0.6008300490577164
[0, 1]	0.6008300490577164
[1, 0]	0.6008300490577164
[1, 1]	0.6008300490577164


Batch No. 10
[0, 0]	0.46936594651276436
[0, 1]	0.46936594651276436
[1, 0]	0.46936594651276436
[1, 1]	0.46936594651276436


Batch No. 11
[0, 0]	0.5447157990930208
[0, 1]	0.5447157990930208
[1, 0]	0.5447157990930208
[1, 1]	0.5447157990930208


Batch No. 12
[0, 0]	0.4038017619299113
[0, 1]	0.4038017619299113
[1, 0]	0.4038017619299113
[1, 1]	0.4038017619299113


Batch No. 13
[0, 0]	0.5303841783788272
[0, 1]	0.5303841783788272
[1, 0]	0.5303841783788272
[1, 1]	0.5303841783788272


Batch No. 14
[0, 0]	0.5050353622769264
[0, 1]	0.5050353622769264
[1, 0]	0.5050353622769264
[1, 1]	0.5050353622769264


Batch No. 15
[0, 0]	0.49874197067863585
[0, 1]	0.49874197067863585
[1, 0]	0.49874197067863585
[1, 1]	0.49874197067863585


Batch No. 16
[0, 0]	0.4628831377290716
[0, 1]	0.4628831377290716
[1, 0]	0.4628831377290716
[1, 1]	0.4628831377290716


Batch No. 17
[0, 0]	0.4225654580646393
[0, 1]	0.4225654580646393
[1, 0]	0.4225654580646393
[1, 1]	0.4225654580646393


Batch No. 18
[0, 0]	0.46765342800872467
[0, 1]	0.46765342800872467
[1, 0]	0.46765342800872467
[1, 1]	0.46765342800872467


Batch No. 19
[0, 0]	0.44584700214963396
[0, 1]	0.44584700214963396
[1, 0]	0.44584700214963396
[1, 1]	0.44584700214963396


Batch No. 20
[0, 0]	0.4754905152427345
[0, 1]	0.4754905152427345
[1, 0]	0.4754905152427345
[1, 1]	0.4754905152427345


Batch No. 21
[0, 0]	0.5679606996646293
[0, 1]	0.5679606996646293
[1, 0]	0.5679606996646293
[1, 1]	0.5679606996646293


Batch No. 22
[0, 0]	0.43627465662307185
[0, 1]	0.43627465662307185
[1, 0]	0.43627465662307185
[1, 1]	0.43627465662307185


Batch No. 23
[0, 0]	0.45294387145264586
[0, 1]	0.45294387145264586
[1, 0]	0.45294387145264586
[1, 1]	0.45294387145264586


Batch No. 24
[0, 0]	0.49871410168122504
[0, 1]	0.49871410168122504
[1, 0]	0.49871410168122504
[1, 1]	0.49871410168122504


Batch No. 25
[0, 0]	0.4628900763154654
[0, 1]	0.4628900763154654
[1, 0]	0.4628900763154654
[1, 1]	0.4628900763154654


Batch No. 26
[0, 0]	0.5337644057487302
[0, 1]	0.5337644057487302
[1, 0]	0.5337644057487302
[1, 1]	0.5337644057487302


Batch No. 27
[0, 0]	0.40583927734187353
[0, 1]	0.40583927734187353
[1, 0]	0.40583927734187353
[1, 1]	0.40583927734187353


Batch No. 28
[0, 0]	0.470037673299426
[0, 1]	0.470037673299426
[1, 0]	0.470037673299426
[1, 1]	0.470037673299426


Batch No. 29
[0, 0]	0.49486521518241816
[0, 1]	0.49486521518241816
[1, 0]	0.49486521518241816
[1, 1]	0.49486521518241816


Batch No. 30
[0, 0]	0.551098547118646
[0, 1]	0.551098547118646
[1, 0]	0.551098547118646
[1, 1]	0.551098547118646


Batch No. 31
[0, 0]	0.3791837722965111
[0, 1]	0.3791837722965111
[1, 0]	0.3791837722965111
[1, 1]	0.3791837722965111


Batch No. 32
[0, 0]	0.471898202227292
[0, 1]	0.471898202227292
[1, 0]	0.471898202227292
[1, 1]	0.471898202227292


Batch No. 33
[0, 0]	0.4448080865640142
[0, 1]	0.4448080865640142
[1, 0]	0.4448080865640142
[1, 1]	0.4448080865640142


Batch No. 34
[0, 0]	0.5003838553537135
[0, 1]	0.5003838553537135
[1, 0]	0.5003838553537135
[1, 1]	0.5003838553537135


Batch No. 35
[0, 0]	0.34290312825633656
[0, 1]	0.34290312825633656
[1, 0]	0.34290312825633656
[1, 1]	0.34290312825633656


Batch No. 36
[0, 0]	0.5702522124369549
[0, 1]	0.5702522124369549
[1, 0]	0.5702522124369549
[1, 1]	0.5702522124369549


Batch No. 37
[0, 0]	0.5336006078379959
[0, 1]	0.5336006078379959
[1, 0]	0.5336006078379959
[1, 1]	0.5336006078379959


Batch No. 38
[0, 0]	0.6375280913514157
[0, 1]	0.6375280913514157
[1, 0]	0.6375280913514157
[1, 1]	0.6375280913514157


Batch No. 39
[0, 0]	0.41380242580845783
[0, 1]	0.41380242580845783
[1, 0]	0.41380242580845783
[1, 1]	0.41380242580845783


Batch No. 40
[0, 0]	0.48110116385830787
[0, 1]	0.48110116385830787
[1, 0]	0.48110116385830787
[1, 1]	0.48110116385830787


Batch No. 41
[0, 0]	0.5420289659626336
[0, 1]	0.5420289659626336
[1, 0]	0.5420289659626336
[1, 1]	0.5420289659626336


Batch No. 42
[0, 0]	0.428400500671739
[0, 1]	0.428400500671739
[1, 0]	0.428400500671739
[1, 1]	0.428400500671739


Batch No. 43
[0, 0]	0.4544771245639165
[0, 1]	0.4544771245639165
[1, 0]	0.4544771245639165
[1, 1]	0.4544771245639165


Batch No. 44
[0, 0]	0.4736179859255349
[0, 1]	0.4736179859255349
[1, 0]	0.4736179859255349
[1, 1]	0.4736179859255349


Batch No. 45
[0, 0]	0.4199182701452221
[0, 1]	0.4199182701452221
[1, 0]	0.4199182701452221
[1, 1]	0.4199182701452221


Batch No. 46
[0, 0]	0.5167508097790716
[0, 1]	0.5167508097790716
[1, 0]	0.5167508097790716
[1, 1]	0.5167508097790716


Batch No. 47
[0, 0]	0.3974305371618764
[0, 1]	0.3974305371618764
[1, 0]	0.3974305371618764
[1, 1]	0.3974305371618764


Batch No. 48
[0, 0]	0.5187619127731085
[0, 1]	0.5187619127731085
[1, 0]	0.5187619127731085
[1, 1]	0.5187619127731085


Batch No. 49
[0, 0]	0.5078331155324279
[0, 1]	0.5078331155324279
[1, 0]	0.5078331155324279
[1, 1]	0.5078331155324279


Batch No. 50
[0, 0]	0.5725114990772262
[0, 1]	0.5725114990772262
[1, 0]	0.5725114990772262
[1, 1]	0.5725114990772262


Batch No. 51
[0, 0]	0.5087665911577991
[0, 1]	0.5087665911577991
[1, 0]	0.5087665911577991
[1, 1]	0.5087665911577991


Batch No. 52
[0, 0]	0.5722796689722833
[0, 1]	0.5722796689722833
[1, 0]	0.5722796689722833
[1, 1]	0.5722796689722833


Batch No. 53
[0, 0]	0.4721182206089495
[0, 1]	0.4721182206089495
[1, 0]	0.4721182206089495
[1, 1]	0.4721182206089495


Batch No. 54
[0, 0]	0.5929669093007758
[0, 1]	0.5929669093007758
[1, 0]	0.5929669093007758
[1, 1]	0.5929669093007758


Batch No. 55
[0, 0]	0.5540648305879434
[0, 1]	0.5540648305879434
[1, 0]	0.5540648305879434
[1, 1]	0.5540648305879434


Batch No. 56
[0, 0]	0.5245279963615654
[0, 1]	0.5245279963615654
[1, 0]	0.5245279963615654
[1, 1]	0.5245279963615654


Batch No. 57
[0, 0]	0.604622437595041
[0, 1]	0.604622437595041
[1, 0]	0.604622437595041
[1, 1]	0.604622437595041


Batch No. 58
[0, 0]	0.4692248650270357
[0, 1]	0.4692248650270357
[1, 0]	0.4692248650270357
[1, 1]	0.4692248650270357


Batch No. 59
[0, 0]	0.4454636989082873
[0, 1]	0.4454636989082873
[1, 0]	0.4454636989082873
[1, 1]	0.4454636989082873


Batch No. 60
[0, 0]	0.426678665966739
[0, 1]	0.426678665966739
[1, 0]	0.426678665966739
[1, 1]	0.426678665966739


Batch No. 61
[0, 0]	0.564392213796887
[0, 1]	0.564392213796887
[1, 0]	0.564392213796887
[1, 1]	0.564392213796887


Batch No. 62
[0, 0]	0.41274275785930653
[0, 1]	0.41274275785930653
[1, 0]	0.41274275785930653
[1, 1]	0.41274275785930653


Batch No. 63
[0, 0]	0.5054706134551661
[0, 1]	0.5054706134551661
[1, 0]	0.5054706134551661
[1, 1]	0.5054706134551661


Batch No. 64
[0, 0]	0.6093259259437523
[0, 1]	0.6093259259437523
[1, 0]	0.6093259259437523
[1, 1]	0.6093259259437523


Batch No. 65
[0, 0]	0.41055445619445435
[0, 1]	0.41055445619445435
[1, 0]	0.41055445619445435
[1, 1]	0.41055445619445435


Batch No. 66
[0, 0]	0.4936108402126088
[0, 1]	0.4936108402126088
[1, 0]	0.4936108402126088
[1, 1]	0.4936108402126088


Batch No. 67
[0, 0]	0.5514051991546409
[0, 1]	0.5514051991546409
[1, 0]	0.5514051991546409
[1, 1]	0.5514051991546409


Batch No. 68
[0, 0]	0.5127431550140467
[0, 1]	0.5127431550140467
[1, 0]	0.5127431550140467
[1, 1]	0.5127431550140467


Batch No. 69
[0, 0]	0.4718732818942927
[0, 1]	0.4718732818942927
[1, 0]	0.4718732818942927
[1, 1]	0.4718732818942927


Batch No. 70
[0, 0]	0.5193414859472113
[0, 1]	0.5193414859472113
[1, 0]	0.5193414859472113
[1, 1]	0.5193414859472113


Batch No. 71
[0, 0]	0.4702829367798392
[0, 1]	0.4702829367798392
[1, 0]	0.4702829367798392
[1, 1]	0.4702829367798392


Batch No. 72
[0, 0]	0.5568396019133836
[0, 1]	0.5568396019133836
[1, 0]	0.5568396019133836
[1, 1]	0.5568396019133836


Batch No. 73
[0, 0]	0.3783953941808066
[0, 1]	0.3783953941808066
[1, 0]	0.3783953941808066
[1, 1]	0.3783953941808066


Batch No. 74
[0, 0]	0.599886144618569
[0, 1]	0.599886144618569
[1, 0]	0.599886144618569
[1, 1]	0.599886144618569


Batch No. 75
[0, 0]	0.5293437367268701
[0, 1]	0.5293437367268701
[1, 0]	0.5293437367268701
[1, 1]	0.5293437367268701


Batch No. 76
[0, 0]	0.4928246498362834
[0, 1]	0.4928246498362834
[1, 0]	0.4928246498362834
[1, 1]	0.4928246498362834


Batch No. 77
[0, 0]	0.5761782743161112
[0, 1]	0.5761782743161112
[1, 0]	0.5761782743161112
[1, 1]	0.5761782743161112


Batch No. 78
[0, 0]	0.4594332494712882
[0, 1]	0.4594332494712882
[1, 0]	0.4594332494712882
[1, 1]	0.4594332494712882


Batch No. 79
[0, 0]	0.5097173028919126
[0, 1]	0.5097173028919126
[1, 0]	0.5097173028919126
[1, 1]	0.5097173028919126


Batch No. 80
[0, 0]	0.5842327275056058
[0, 1]	0.5842327275056058
[1, 0]	0.5842327275056058
[1, 1]	0.5842327275056058


Batch No. 81
[0, 0]	0.45854564019602856
[0, 1]	0.45854564019602856
[1, 0]	0.45854564019602856
[1, 1]	0.45854564019602856


Batch No. 82
[0, 0]	0.5099107251496452
[0, 1]	0.5099107251496452
[1, 0]	0.5099107251496452
[1, 1]	0.5099107251496452


Batch No. 83
[0, 0]	0.41102043587584824
[0, 1]	0.41102043587584824
[1, 0]	0.41102043587584824
[1, 1]	0.41102043587584824


Batch No. 84
[0, 0]	0.5298335517256544
[0, 1]	0.5298335517256544
[1, 0]	0.5298335517256544
[1, 1]	0.5298335517256544


Batch No. 85
[0, 0]	0.5176135620232355
[0, 1]	0.5176135620232355
[1, 0]	0.5176135620232355
[1, 1]	0.5176135620232355


Batch No. 86
[0, 0]	0.5081149981960824
[0, 1]	0.5081149981960824
[1, 0]	0.5081149981960824
[1, 1]	0.5081149981960824


Batch No. 87
[0, 0]	0.5478149027017503
[0, 1]	0.5478149027017503
[1, 0]	0.5478149027017503
[1, 1]	0.5478149027017503


Batch No. 88
[0, 0]	0.35663198113782246
[0, 1]	0.35663198113782246
[1, 0]	0.35663198113782246
[1, 1]	0.35663198113782246


Batch No. 89
[0, 0]	0.44832418072872066
[0, 1]	0.44832418072872066
[1, 0]	0.44832418072872066
[1, 1]	0.44832418072872066


Batch No. 90
[0, 0]	0.6091885431580266
[0, 1]	0.6091885431580266
[1, 0]	0.6091885431580266
[1, 1]	0.6091885431580266


Batch No. 91
[0, 0]	0.4691341746002014
[0, 1]	0.4691341746002014
[1, 0]	0.4691341746002014
[1, 1]	0.4691341746002014


Batch No. 92
[0, 0]	0.4826323892886404
[0, 1]	0.4826323892886404
[1, 0]	0.4826323892886404
[1, 1]	0.4826323892886404


Batch No. 93
[0, 0]	0.429864707719044
[0, 1]	0.429864707719044
[1, 0]	0.429864707719044
[1, 1]	0.429864707719044


Batch No. 94
[0, 0]	0.442080226862731
[0, 1]	0.442080226862731
[1, 0]	0.442080226862731
[1, 1]	0.442080226862731


Batch No. 95
[0, 0]	0.610073569521312
[0, 1]	0.610073569521312
[1, 0]	0.610073569521312
[1, 1]	0.610073569521312


Batch No. 96
[0, 0]	0.4105884002122408
[0, 1]	0.4105884002122408
[1, 0]	0.4105884002122408
[1, 1]	0.4105884002122408


Batch No. 97
[0, 0]	0.6240650805911605
[0, 1]	0.6240650805911605
[1, 0]	0.6240650805911605
[1, 1]	0.6240650805911605


Batch No. 98
[0, 0]	0.4231386379034617
[0, 1]	0.4231386379034617
[1, 0]	0.4231386379034617
[1, 1]	0.4231386379034617


Batch No. 99
[0, 0]	0.5527476743256644
[0, 1]	0.5527476743256644
[1, 0]	0.5527476743256644
[1, 1]	0.5527476743256644


Batch No. 100
[0, 0]	0.3906519133301041
[0, 1]	0.3906519133301041
[1, 0]	0.3906519133301041
[1, 1]	0.3906519133301041


